0.5 0.5 1.5 0.5
10.5 6.5 11.5 6.5
1.5 0.5 1.5 1.5
1.5 1.5 1.5 2.5
3.5 0.5 3.5 1.5
5.5 1.5 6.5 1.5
3.5 1.5 3.5 2.5
3.5 1.5 4.5 1.5
5.5 1.5 5.5 2.5
4.5 2.5 5.5 2.5
3.5 2.5 4.5 2.5
4.5 2.5 4.5 3.5
4.5 1.5 4.5 2.5
4.5 1.5 5.5 1.5
4.5 1.5 5.5 2.5
3.5 2.5 4.5 3.5
3.5 2.5 4.5 1.5
4.5 3.5 5.5 2.5
3.5 0.5 4.5 1.5
5.5 2.5 6.5 1.5
7.5 4.5 8.5 5.5
0.5 0.5 1.5 1.5
0.5 0.5 1.5 2.5
5.5 1.5 3.5 0.5
3.5 0.5 6.5 1.5
1.5 1.5 3.5 1.5
1.5 0.5 3.5 0.5
1.5 2.5 3.5 2.5
8.5 5.5 9.5 3.5
1.5 2.5 3.5 1.5
7.5 4.5 9.5 3.5
8.5 5.5 10.5 6.5
1.5 1.5 3.5 0.5
5.5 2.5 7.5 4.5
1.5 2.5 4.5 3.5
4.5 3.5 7.5 4.5
8.5 5.5 11.5 6.5
6.5 1.5 7.5 4.5
9.5 3.5 11.5 6.5
6.5 1.5 9.5 3.5
4.5 3.5 8.5 5.5
1.5 2.5 8.5 5.5
1.5 2.5 10.5 6.5
